image_width: 640
image_height: 480
camera_name: narrow_stereo/left
camera_matrix:
  rows: 3
  cols: 3
  data: [804.590825, 0, 303.999246, 0, 807.685998, 243.414074, 0, 0, 1]
distortion_model: plumb_bob
distortion_coefficients:
  rows: 1
  cols: 5
  data: [0.0305, -0.139943, 0.009651, -0.011776, 0]
rectification_matrix:
  rows: 3
  cols: 3
  data: [0.9985459999999999, 0.05128, -0.016647, -0.051285, 0.9986839999999999, 0.000153, 0.016633, 0.000701, 0.999861]
projection_matrix:
  rows: 3
  cols: 4
  data: [955.19695, 0, 310.921638, 0, 0, 955.19695, 258.325939, 0, 0, 0, 1, 0]