image_width: 640
image_height: 480
camera_name: narrow_stereo/left
camera_matrix:
  rows: 3
  cols: 3
  data: [830.022399, 0, 321.686594, 0, 834.859183, 246.165936, 0, 0, 1]
distortion_model: plumb_bob
distortion_coefficients:
  rows: 1
  cols: 5
  data: [0.003, 0.243369, 0.011713, 0.005257, 0]
rectification_matrix:
  rows: 3
  cols: 3
  data: [0.989935, -0.069774, -0.123125, 0.07112199999999999, 0.9974459999999999, 0.006585, 0.122351, -0.015276, 0.9923689999999999]
projection_matrix:
  rows: 3
  cols: 4
  data: [1013.595601, 0, 458.929937, 0, 0, 1013.595601, 238.54328, 0, 0, 0, 1, 0]