image_width: 640
image_height: 480
camera_name: narrow_stereo
camera_matrix:
  rows: 3
  cols: 3
  data: [795.194876, 0, 324.762139, 0, 799.330386, 238.170019, 0, 0, 1]
distortion_model: plumb_bob
distortion_coefficients:
  rows: 1
  cols: 5
  data: [0.018517, 0.028324, 0.0005, -0.001688, 0]
rectification_matrix:
  rows: 3
  cols: 3
  data: [1, 0, 0, 0, 1, 0, 0, 0, 1]
projection_matrix:
  rows: 3
  cols: 4
  data: [800.564331, 0, 323.959525, 0, 0, 805.6116939999999, 238.350647, 0, 0, 0, 1, 0]