image_width: 640
image_height: 480
camera_name: narrow_stereo/right
camera_matrix:
  rows: 3
  cols: 3
  data: [835.702521, 0, 344.664402, 0, 839.776553, 220.35734, 0, 0, 1]
distortion_model: plumb_bob
distortion_coefficients:
  rows: 1
  cols: 5
  data: [-0.08558399999999999, 0.246162, 0.010753, 0.00551, 0]
rectification_matrix:
  rows: 3
  cols: 3
  data: [0.988309, -0.07961499999999999, -0.130026, 0.079432, 0.996818, -0.0066, 0.130138, -0.003806, 0.991489]
projection_matrix:
  rows: 3
  cols: 4
  data: [1013.595601, 0, 458.929937, -101.15333, 0, 1013.595601, 238.54328, 0, 0, 0, 1, 0]