image_width: 640
image_height: 480
camera_name: narrow_stereo/right
camera_matrix:
  rows: 3
  cols: 3
  data: [801.567201, 0, 288.914668, 0, 804.349612, 264.37697, 0, 0, 1]
distortion_model: plumb_bob
distortion_coefficients:
  rows: 1
  cols: 5
  data: [0.08545899999999999, 0.207614, 0.013559, -0.013056, 0]
rectification_matrix:
  rows: 3
  cols: 3
  data: [0.9984179999999999, 0.05185, -0.02176, -0.051866, 0.9986539999999999, -0.000152, 0.021723, 0.00128, 0.999763]
projection_matrix:
  rows: 3
  cols: 4
  data: [955.19695, 0, 310.921638, -94.458946, 0, 955.19695, 258.325939, 0, 0, 0, 1, 0]