image_width: 640
image_height: 480
camera_name: right
camera_matrix:
  rows: 3
  cols: 3
  data: [1009.481769, 0, 310.992601, 0, 1040.297462, 252.57577, 0, 0, 1]
distortion_model: plumb_bob
distortion_coefficients:
  rows: 1
  cols: 5
  data: [-0.153969, 2.580807, 0.016577, -0.013628, 0]
rectification_matrix:
  rows: 3
  cols: 3
  data: [1, 0, 0, 0, 1, 0, 0, 0, 1]
projection_matrix:
  rows: 3
  cols: 4
  data: [1043.886597, 0, 307.810581, 0, 0, 1076.229248, 255.735963, 0, 0, 0, 1, 0]
